-2.0
-2.0
-2.0
-0.6641028
0.6552407
0.36003774
-2.0
-2.0
-1.0
-0.64321584
0.7199723
0.26060158
-2.0
-2.0
0.0
-0.10185069
-0.6008217
0.79286814
-2.0
-2.0
1.0
-0.15427819
0.912854
-0.3780155
-2.0
-1.0
-2.0
0.5664933
-0.3157958
0.76115596
-2.0
-1.0
-1.0
0.8937153
0.4333568
-0.11608081
-2.0
-1.0
0.0
-0.18525267
0.8846758
0.42782035
-2.0
-1.0
1.0
-0.605241
0.595723
-0.5280127
-2.0
0.0
-2.0
0.5490554
-0.8174871
-0.17393383
-2.0
0.0
-1.0
-0.7400818
-0.29272148
-0.6054692
-2.0
0.0
0.0
0.30025405
-0.915373
-0.26821595
-2.0
0.0
1.0
0.26056525
0.94281894
0.20784193
-2.0
1.0
-2.0
0.28532347
-0.33491617
0.89800984
-2.0
1.0
-1.0
0.6718316
0.43738317
0.5977777
-2.0
1.0
0.0
0.68468034
0.20085572
-0.70062095
-2.0
1.0
1.0
-0.30879998
-0.9499681
0.046936493
-1.0
-2.0
-2.0
-0.8363555
-0.5183364
0.17842871
-1.0
-2.0
-1.0
-0.9749886
0.0005127071
0.22225453
-1.0
-2.0
0.0
0.54772365
0.8137736
-0.19434808
-1.0
-2.0
1.0
0.88518566
-0.44625175
-0.13155158
-1.0
-1.0
-2.0
0.41061315
0.7127399
-0.56868154
-1.0
-1.0
-1.0
-0.73089224
0.1683314
-0.66140836
-1.0
-1.0
0.0
-0.20535699
-0.0019875574
0.97868514
-1.0
-1.0
1.0
0.957024
-0.27602312
0.08897412
-1.0
0.0
-2.0
0.34979406
-0.87738323
-0.32839414
-1.0
0.0
-1.0
-0.87836003
-0.07460019
0.47214255
-1.0
0.0
0.0
-0.16191737
-0.97579795
0.14697301
-1.0
0.0
1.0
0.17517342
-0.913208
0.36792055
-1.0
1.0
-2.0
0.92408174
0.022302385
0.38154358
-1.0
1.0
-1.0
0.7915317
0.35431123
0.49793684
-1.0
1.0
0.0
0.50237757
-0.81506413
0.28859523
-1.0
1.0
1.0
-0.8951485
-0.43785623
0.08361216
0.0
-2.0
-2.0
-0.5023087
0.28207788
0.8173848
0.0
-2.0
-1.0
0.04381222
0.72094274
-0.69160825
0.0
-2.0
0.0
0.49660483
0.45291877
0.7404379
0.0
-2.0
1.0
0.20344208
0.3994266
0.89390695
0.0
-1.0
-2.0
-0.16811565
-0.67255026
0.7207033
0.0
-1.0
-1.0
-0.25446105
-0.036500894
-0.96639395
0.0
-1.0
0.0
0.51074827
-0.65949833
0.5515415
0.0
-1.0
1.0
-0.35260478
0.9250506
0.14124924
0.0
0.0
-2.0
0.31758225
-0.93280274
0.17035405
0.0
0.0
-1.0
-0.2843311
-0.80739224
-0.516985
0.0
0.0
0.0
0.78613126
0.06404006
-0.6147329
0.0
0.0
1.0
0.8981682
0.30674994
-0.31495762
0.0
1.0
-2.0
-0.69043714
0.4163649
0.5915545
0.0
1.0
-1.0
-0.6604556
0.7424203
-0.11229671
0.0
1.0
0.0
0.7547392
0.57030314
0.3242266
0.0
1.0
1.0
-0.42068487
0.5031412
0.75489944
1.0
-2.0
-2.0
-0.90269357
0.3245881
0.28246567
1.0
-2.0
-1.0
0.10308914
-0.5556525
-0.8249987
